[gd_scene load_steps=3 format=3 uid="uid://cy5j7lq7lwc40"]

[ext_resource type="PackedScene" uid="uid://dm00qttmqkwdc" path="res://models/enemies/RoboSurgeon.glb" id="1_aw2pd"]

[sub_resource type="CylinderShape3D" id="CylinderShape3D_xfyo0"]
height = 0.35
radius = 0.75

[node name="RoboSurgeon" instance=ExtResource("1_aw2pd")]

[node name="Skeleton3D" parent="Armature" index="0"]
bones/1/rotation = Quaternion(-0.707107, -5.33851e-08, -5.33851e-08, 0.707107)
bones/2/rotation = Quaternion(0.697409, 0.697409, 0.116706, -0.116706)
bones/3/rotation = Quaternion(0.5, 4.93117e-08, -2.78068e-08, 0.866025)
bones/4/rotation = Quaternion(-0.424398, -1.30249e-08, -7.20491e-09, 0.905476)
bones/5/rotation = Quaternion(-0.676112, -5.31507e-09, 5.30063e-09, 0.736798)
bones/6/rotation = Quaternion(-1, -1.43585e-08, 7.6575e-09, 8.05594e-08)
bones/15/rotation = Quaternion(0.342393, -4.97999e-15, 7.3243e-15, 0.939557)
bones/16/rotation = Quaternion(0.56583, -4.32486e-15, -1.44935e-14, 0.824522)
bones/17/rotation = Quaternion(0.351102, -3.31515e-14, -1.24626e-14, 0.936337)
bones/29/rotation = Quaternion(0.337402, -0.337402, 0.621418, 0.621418)
bones/30/rotation = Quaternion(-0.563895, -4.04256e-08, 6.14917e-09, 0.825846)
bones/31/rotation = Quaternion(0.667029, -1.02722e-08, -1.29179e-09, 0.745032)
bones/32/rotation = Quaternion(0.628879, 0.628879, 0.323282, 0.323282)

[node name="ArmLeft_004_2" parent="Armature/Skeleton3D" index="0"]
transform = Transform3D(-0.921164, 0.383019, -0.0689494, 0.367638, 0.798297, -0.477038, -0.127673, -0.464778, -0.876174, 0.868557, 1.28756, 0.552764)

[node name="Saw" parent="Armature/Skeleton3D" index="1"]
transform = Transform3D(0.604147, 0.323656, 0.728185, 0.678937, 0.269347, -0.683005, -0.417194, 0.907028, -0.0570166, 1.38847, 1.07901, 0.625707)

[node name="SawArea" type="Area3D" parent="Armature/Skeleton3D/Saw" index="1"]
transform = Transform3D(1, -3.29044e-15, 0, 3.81499e-15, 1, 0, 0, 0, 1, 0, 0, 0)

[node name="SawCollider" type="CollisionShape3D" parent="Armature/Skeleton3D/Saw/SawArea" index="0"]
transform = Transform3D(2.99835, -0.0328748, 0.0938756, 0, 2.8314, 0.991543, -0.0994655, -0.990998, 2.82985, 0, 0, 0)
shape = SubResource("CylinderShape3D_xfyo0")

[node name="ArmLeft_003_2" parent="Armature/Skeleton3D" index="2"]
transform = Transform3D(-0.995295, -0.0680711, -0.0689496, -0.0270339, 0.878467, -0.477038, 0.0930423, -0.47293, -0.876174, -0.265162, 1.25597, 0.659179)

[node name="Circle" parent="Armature/Skeleton3D" index="3"]
transform = Transform3D(-0.995295, -0.0680711, -0.0689496, -0.0270339, 0.878467, -0.477038, 0.0930423, -0.47293, -0.876174, 0.868519, 1.28541, 0.553937)

[node name="ArmLeft_002_2" parent="Armature/Skeleton3D" index="4"]
transform = Transform3D(-0.88164, -0.466859, -0.0689494, -0.381867, 0.791588, -0.477038, 0.277289, -0.394246, -0.876174, -1.01221, 0.9233, 0.899093)

[node name="ArmLeft_001_2" parent="Armature/Skeleton3D" index="5"]
transform = Transform3D(0.350094, -0.934174, -0.0689493, -0.833978, -0.277335, -0.477038, 0.426514, 0.22451, -0.876174, -0.727503, 0.253801, 1.2412)

[node name="ArmLeft_2" parent="Armature/Skeleton3D" index="6"]
transform = Transform3D(0.99722, 0.0282536, -0.0689492, -0.00808324, -0.878845, -0.477038, -0.0740737, 0.476269, -0.876174, -0.630504, 0.265461, 1.22722)

[node name="Pincer2" parent="Armature/Skeleton3D" index="7"]
transform = Transform3D(0.99722, -0.0682329, 0.0299462, -0.00808356, 0.300449, 0.953764, -0.0740753, -0.951355, 0.299062, 0.607799, 0.567038, 3.1931)

[node name="Pincer1" parent="Armature/Skeleton3D" index="8"]
transform = Transform3D(0.99722, -0.0682323, 0.0299456, -0.0080832, 0.300449, 0.953764, -0.0740746, -0.951354, 0.299062, -0.121938, 0.572953, 3.24731)

[node name="Rotator_2" parent="Armature/Skeleton3D" index="9"]
transform = Transform3D(0.99722, -0.0682323, 0.0299457, -0.00808321, 0.300449, 0.953764, -0.0740746, -0.951355, 0.299062, 0.235557, 0.307005, 3.13768)

[node name="Rotator_001" parent="Armature/Skeleton3D" index="10"]
transform = Transform3D(0.99722, -0.0682323, 0.0299457, -0.00808321, 0.300449, 0.953764, -0.0740746, -0.951355, 0.299062, 0.236765, 0.345483, 3.14974)

[node name="ArmBack_003_2" parent="Armature/Skeleton3D" index="11"]
transform = Transform3D(0.99722, -0.0682323, 0.0299457, -0.00808321, 0.300449, 0.953764, -0.0740746, -0.951355, 0.299062, 0.215606, -0.328428, 2.93843)

[node name="ArmBack_002_2" parent="Armature/Skeleton3D" index="12"]
transform = Transform3D(0.99722, -0.0317162, 0.0674273, -0.008083, 0.85351, 0.521014, -0.0740744, -0.520111, 0.850881, 0.157651, -0.778869, 2.20736)

[node name="ArmBack_001_2" parent="Armature/Skeleton3D" index="13"]
transform = Transform3D(0.99722, 0.0515101, 0.0538425, -0.00808302, 0.7931, -0.609038, -0.074074, 0.606909, 0.791312, 0.114333, -0.290869, 1.57095)

[node name="ArmBack_2" parent="Armature/Skeleton3D" index="14"]
transform = Transform3D(0.99722, 0.0740739, 0.00808325, -0.00808326, 0.21538, -0.976497, -0.0740739, 0.973717, 0.21538, 0.113785, -0.204091, 1.55411)

[node name="Gun_2" parent="Armature/Skeleton3D" index="15"]
transform = Transform3D(0.9455, 0.215177, 0.244395, 0.0807508, 0.572157, -0.816159, -0.315451, 0.791414, 0.523599, 2.00905, 0.22469, 1.4185)

[node name="Muzzle" type="Node3D" parent="Armature/Skeleton3D/Gun_2" index="1"]
transform = Transform3D(-1, 0, -8.74228e-08, 0, 1, 0, 8.74228e-08, 0, -1, 2.38419e-07, 0, -1.22312)

[node name="RayCast3D" type="RayCast3D" parent="Armature/Skeleton3D/Gun_2/Muzzle" index="0"]
target_position = Vector3(0, 0, 10)

[node name="ArmRight_003" parent="Armature/Skeleton3D" index="16"]
transform = Transform3D(0.945501, 0.215173, 0.244395, 0.0807532, 0.572157, -0.816159, -0.315448, 0.791415, 0.523599, 1.99252, 0.0730646, 1.53262)

[node name="ArmRight_002_2" parent="Armature/Skeleton3D" index="17"]
transform = Transform3D(0.9455, -0.323966, 0.0328029, 0.0807509, 0.330873, 0.940214, -0.315451, -0.886324, 0.339001, 1.24468, 0.00516627, 1.7677)

[node name="ArmRight_001_2" parent="Armature/Skeleton3D" index="18"]
transform = Transform3D(0.425897, 0.904177, 0.0328029, -0.319996, 0.116619, 0.940214, 0.846294, -0.410931, 0.339001, 0.898416, 0.254189, 1.11054)

[node name="ArmRight_2" parent="Armature/Skeleton3D" index="19"]
transform = Transform3D(0.99722, -0.066905, 0.0328028, -0.00808366, 0.340488, 0.940214, -0.074074, -0.937866, 0.339001, 0.809085, 0.253792, 1.12029)

[node name="Body_2" parent="Armature/Skeleton3D" index="20"]
transform = Transform3D(0.99722, 0.0740739, 0.00808324, -0.00808325, 0.21538, -0.976497, -0.0740738, 0.973717, 0.21538, 5.65912e-09, 1.64547e-08, 1.20986e-07)

[node name="FootBall" parent="Armature/Skeleton3D" index="21"]
transform = Transform3D(1, -4.94342e-08, -2.79368e-13, -3.58556e-14, -5.39197e-07, -1, 4.94345e-08, 1, -5.39198e-07, -0.00405943, 1.4518e-09, 2.98023e-08)
